Multiple size <= 100
TEST 1 ARG:62 9 82 58 86 50 84 45 59 81 79 64 78 25 1 38 54 36 40 21 15 0 71 26 69 23 95 42 98 10 35 90 4 77 70 41 93 53 30 13 6 19 67 80 89 37 94 65 91 8 14 28 99 83 3 87 63 31 88 32 60 57 20 97 7 55 68 5 34 12 24 17 85 16 2 74 48 11 72 73 49 18 29 66 22 46 56 43 96 44 51 33 92 75 52 76 47 61 39 27
TEST 1 ARG:62 9 82 58 86 50 84 45 59 81 79 64 78 25 1 38 54 36 40 21 15 0 71 26 69 23 95 42 98 10 35 90 4 77 70 41 93 53 30 13 6 19 67 80 89 37 94 65 91 8 14 28 99 83 3 87 63 31 88 32 60 57 20 97 7 55 68 5 34 12 24 17 85 16 2 74 48 11 72 73 49 18 29 66 22 46 56 43 96 44 51 33 92 75 52 76 47 61 39 27
TEST 2 ARG:88 49 87 93 40 67 90 89 76 78 98 14 7 4 58 38 0 8 75 83 62 92 46 81 97 52 1 24 56 63 19 91 13 72 3 71 22 29 26 95 31 94 43 23 53 68 41 21 69 45 65 80 11 57 50 20 15 44 48 85 55 18 84 5 33 10 2 12 96 35 16 25 27 74 79 99 39 28 60 36 54 64 6 42 86 73 66 70 37 34 61 59 9 17 51 82 32 47 30 77
TEST 2 ARG:88 49 87 93 40 67 90 89 76 78 98 14 7 4 58 38 0 8 75 83 62 92 46 81 97 52 1 24 56 63 19 91 13 72 3 71 22 29 26 95 31 94 43 23 53 68 41 21 69 45 65 80 11 57 50 20 15 44 48 85 55 18 84 5 33 10 2 12 96 35 16 25 27 74 79 99 39 28 60 36 54 64 6 42 86 73 66 70 37 34 61 59 9 17 51 82 32 47 30 77
TEST 3 ARG:87 17 16 12 75 13 86 14 36 78 0 48 19 63 47 56 41 70 53 64 77 29 38 30 98 99 58 94 22 80 33 28 23 81 51 88 7 46 15 97 6 44 60 83 93 72 35 62 27 82 26 11 37 96 52 4 71 45 55 90 24 76 54 73 20 5 69 57 10 3 61 21 43 50 34 32 40 1 95 39 18 2 25 9 66 65 89 85 92 59 8 79 91 74 67 84 68 31 49 42
TEST 3 ARG:87 17 16 12 75 13 86 14 36 78 0 48 19 63 47 56 41 70 53 64 77 29 38 30 98 99 58 94 22 80 33 28 23 81 51 88 7 46 15 97 6 44 60 83 93 72 35 62 27 82 26 11 37 96 52 4 71 45 55 90 24 76 54 73 20 5 69 57 10 3 61 21 43 50 34 32 40 1 95 39 18 2 25 9 66 65 89 85 92 59 8 79 91 74 67 84 68 31 49 42
TEST 4 ARG:62 93 39 32 20 2 61 85 40 38 92 36 78 69 72 17 0 66 71 9 75 51 98 73 58 30 5 14 42 94 10 34 76 50 22 67 4 52 90 53 31 84 77 35 97 26 60 91 41 15 25 56 6 44 59 33 82 65 96 81 47 21 57 88 3 13 23 46 28 64 37 48 63 55 74 7 24 70 1 79 27 83 43 12 54 8 19 11 99 89 95 87 86 80 18 16 68 49 29 45
TEST 4 ARG:62 93 39 32 20 2 61 85 40 38 92 36 78 69 72 17 0 66 71 9 75 51 98 73 58 30 5 14 42 94 10 34 76 50 22 67 4 52 90 53 31 84 77 35 97 26 60 91 41 15 25 56 6 44 59 33 82 65 96 81 47 21 57 88 3 13 23 46 28 64 37 48 63 55 74 7 24 70 1 79 27 83 43 12 54 8 19 11 99 89 95 87 86 80 18 16 68 49 29 45
TEST 5 ARG:4 67 36 82 95 78 61 88 99 71 15 5 8 64 77 97 85 0 3 76 11 34 47 84 38 83 37 19 79 80 45 17 52 75 54 58 7 86 16 10 56 32 23 49 2 93 68 27 98 60 30 31 65 92 21 39 28 44 6 63 57 62 74 42 14 33 69 40 50 55 26 9 29 20 48 90 24 25 51 13 35 73 46 72 96 94 1 87 91 12 59 41 89 70 66 18 81 43 22 53
TEST 5 ARG:4 67 36 82 95 78 61 88 99 71 15 5 8 64 77 97 85 0 3 76 11 34 47 84 38 83 37 19 79 80 45 17 52 75 54 58 7 86 16 10 56 32 23 49 2 93 68 27 98 60 30 31 65 92 21 39 28 44 6 63 57 62 74 42 14 33 69 40 50 55 26 9 29 20 48 90 24 25 51 13 35 73 46 72 96 94 1 87 91 12 59 41 89 70 66 18 81 43 22 53
TEST 6 ARG:8 51 23 88 4 44 63 58 74 32 53 70 92 59 52 33 93 57 85 27 82 39 15 10 31 40 66 96 69 1 46 65 26 99 20 68 16 95 84 90 72 87 97 61 60 98 76 14 12 55 0 78 73 19 37 18 7 2 71 80 62 5 86 34 79 9 81 64 17 13 11 35 75 48 91 25 3 38 56 45 47 43 83 54 24 28 29 30 36 50 94 22 77 89 6 49 42 41 21 67
TEST 6 ARG:8 51 23 88 4 44 63 58 74 32 53 70 92 59 52 33 93 57 85 27 82 39 15 10 31 40 66 96 69 1 46 65 26 99 20 68 16 95 84 90 72 87 97 61 60 98 76 14 12 55 0 78 73 19 37 18 7 2 71 80 62 5 86 34 79 9 81 64 17 13 11 35 75 48 91 25 3 38 56 45 47 43 83 54 24 28 29 30 36 50 94 22 77 89 6 49 42 41 21 67
TEST 7 ARG:58 53 76 98 75 86 12 71 2 92 21 67 65 93 24 64 36 62 17 10 14 49 9 29 88 95 89 44 19 70 91 13 61 0 50 32 73 33 85 8 18 68 78 7 94 57 59 82 96 38 54 63 69 66 81 34 28 20 37 45 56 15 4 26 39 55 48 16 31 23 35 30 84 83 43 5 80 87 60 72 27 74 46 77 97 1 90 47 52 40 25 3 99 51 11 22 41 42 79 6
TEST 7 ARG:58 53 76 98 75 86 12 71 2 92 21 67 65 93 24 64 36 62 17 10 14 49 9 29 88 95 89 44 19 70 91 13 61 0 50 32 73 33 85 8 18 68 78 7 94 57 59 82 96 38 54 63 69 66 81 34 28 20 37 45 56 15 4 26 39 55 48 16 31 23 35 30 84 83 43 5 80 87 60 72 27 74 46 77 97 1 90 47 52 40 25 3 99 51 11 22 41 42 79 6
TEST 8 ARG:87 95 9 43 5 30 58 20 56 81 36 38 25 66 97 93 29 13 59 49 96 16 71 74 23 83 21 57 1 73 26 67 92 55 35 28 78 85 40 94 12 4 18 99 39 15 86 17 79 88 63 72 90 8 62 24 75 22 84 14 98 6 37 11 53 0 82 48 7 45 50 10 47 91 60 61 70 46 54 19 32 41 69 31 2 68 52 44 80 34 65 77 33 27 64 51 42 76 89 3
TEST 8 ARG:87 95 9 43 5 30 58 20 56 81 36 38 25 66 97 93 29 13 59 49 96 16 71 74 23 83 21 57 1 73 26 67 92 55 35 28 78 85 40 94 12 4 18 99 39 15 86 17 79 88 63 72 90 8 62 24 75 22 84 14 98 6 37 11 53 0 82 48 7 45 50 10 47 91 60 61 70 46 54 19 32 41 69 31 2 68 52 44 80 34 65 77 33 27 64 51 42 76 89 3
TEST 9 ARG:9 42 27 29 52 51 82 19 0 53 63 58 91 28 13 37 88 36 22 95 68 50 79 41 38 11 75 45 89 7 32 96 5 35 65 6 33 67 47 61 48 73 87 62 92 97 12 40 99 69 18 26 76 83 74 3 8 43 78 72 59 70 15 55 46 1 85 80 21 94 71 60 10 64 57 31 90 54 17 23 49 2 77 93 98 14 81 56 86 84 25 66 30 16 44 20 39 4 24 34
TEST 9 ARG:9 42 27 29 52 51 82 19 0 53 63 58 91 28 13 37 88 36 22 95 68 50 79 41 38 11 75 45 89 7 32 96 5 35 65 6 33 67 47 61 48 73 87 62 92 97 12 40 99 69 18 26 76 83 74 3 8 43 78 72 59 70 15 55 46 1 85 80 21 94 71 60 10 64 57 31 90 54 17 23 49 2 77 93 98 14 81 56 86 84 25 66 30 16 44 20 39 4 24 34
TEST 10 ARG:8 91 54 57 77 36 10 64 89 71 21 40 33 18 20 60 88 82 49 69 62 94 79 96 25 63 59 11 81 14 7 58 28 2 19 1 51 5 24 22 72 34 9 61 13 41 16 4 30 73 23 48 44 85 43 42 6 55 38 74 99 80 47 29 31 75 12 3 0 95 56 92 27 68 66 32 76 84 15 98 67 65 52 50 70 37 26 17 78 83 45 93 39 87 90 53 35 46 86 97
TEST 10 ARG:8 91 54 57 77 36 10 64 89 71 21 40 33 18 20 60 88 82 49 69 62 94 79 96 25 63 59 11 81 14 7 58 28 2 19 1 51 5 24 22 72 34 9 61 13 41 16 4 30 73 23 48 44 85 43 42 6 55 38 74 99 80 47 29 31 75 12 3 0 95 56 92 27 68 66 32 76 84 15 98 67 65 52 50 70 37 26 17 78 83 45 93 39 87 90 53 35 46 86 97
TEST 11 ARG:37 30 16 85 3 97 77 46 98 76 86 9 91 83 23 81 96 35 61 10 26 52 82 60 17 36 32 27 49 39 69 1 75 24 59 53 42 70 57 28 13 71 47 90 8 18 54 5 80 0 20 34 40 44 22 58 50 92 63 29 38 4 87 2 11 67 79 94 51 89 14 64 48 12 7 21 88 72 55 45 73 99 25 31 15 41 56 95 78 66 33 62 84 19 74 6 43 93 65 68
TEST 11 ARG:37 30 16 85 3 97 77 46 98 76 86 9 91 83 23 81 96 35 61 10 26 52 82 60 17 36 32 27 49 39 69 1 75 24 59 53 42 70 57 28 13 71 47 90 8 18 54 5 80 0 20 34 40 44 22 58 50 92 63 29 38 4 87 2 11 67 79 94 51 89 14 64 48 12 7 21 88 72 55 45 73 99 25 31 15 41 56 95 78 66 33 62 84 19 74 6 43 93 65 68
TEST 12 ARG:8 17 53 72 86 35 38 41 2 88 15 77 94 87 78 61 25 6 90 63 95 54 44 9 7 65 85 12 1 82 60 24 66 69 11 91 16 56 74 28 27 73 62 47 64 32 34 76 80 31 52 50 19 93 97 36 23 55 40 84 14 68 18 92 0 42 13 43 83 10 71 49 51 37 22 81 20 70 48 96 3 26 75 30 46 45 59 29 39 4 21 79 89 5 57 99 98 67 58 33
TEST 13 ARG:99 31 9 2 77 40 3 35 98 45 52 62 24 79 39 58 13 47 32 29 64 11 74 60 48 46 91 33 82 7 85 87 63 53 22 94 1 67 25 55 56 78 75 70 30 69 81 14 68 41 36 42 16 20 92 86 50 59 71 12 57 43 23 37 97 8 73 26 4 54 18 27 84 49 17 61 21 76 95 66 65 80 96 38 44 83 34 5 10 15 6 51 28 88 90 93 19 72 89 0
TEST 13 ARG:99 31 9 2 77 40 3 35 98 45 52 62 24 79 39 58 13 47 32 29 64 11 74 60 48 46 91 33 82 7 85 87 63 53 22 94 1 67 25 55 56 78 75 70 30 69 81 14 68 41 36 42 16 20 92 86 50 59 71 12 57 43 23 37 97 8 73 26 4 54 18 27 84 49 17 61 21 76 95 66 65 80 96 38 44 83 34 5 10 15 6 51 28 88 90 93 19 72 89 0
TEST 14 ARG:60 70 85 48 3 1 9 33 38 36 43 89 95 54 26 68 10 11 28 74 34 76 83 42 55 67 88 16 4 90 98 91 97 92 2 35 20 12 59 75 19 22 39 80 78 53 77 15 27 69 99 5 82 58 57 8 79 40 30 73 7 94 64 25 63 96 0 13 62 51 81 21 14 41 24 49 44 18 84 46 31 37 87 6 65 47 72 93 71 50 32 66 29 61 56 86 52 45 23 17
TEST 14 ARG:60 70 85 48 3 1 9 33 38 36 43 89 95 54 26 68 10 11 28 74 34 76 83 42 55 67 88 16 4 90 98 91 97 92 2 35 20 12 59 75 19 22 39 80 78 53 77 15 27 69 99 5 82 58 57 8 79 40 30 73 7 94 64 25 63 96 0 13 62 51 81 21 14 41 24 49 44 18 84 46 31 37 87 6 65 47 72 93 71 50 32 66 29 61 56 86 52 45 23 17
TEST 15 ARG:86 40 45 28 42 79 37 22 77 47 49 36 52 51 19 67 96 17 23 82 94 57 56 8 13 73 93 70 64 50 15 44 60 97 53 10 7 0 90 92 99 95 12 59 91 39 41 65 46 34 68 24 66 83 20 1 4 98 74 18 9 80 76 84 21 2 3 30 63 89 75 85 55 58 61 14 69 81 62 87 27 43 32 71 26 11 6 29 54 25 33 5 48 72 16 38 35 78 31 88
TEST 15 ARG:86 40 45 28 42 79 37 22 77 47 49 36 52 51 19 67 96 17 23 82 94 57 56 8 13 73 93 70 64 50 15 44 60 97 53 10 7 0 90 92 99 95 12 59 91 39 41 65 46 34 68 24 66 83 20 1 4 98 74 18 9 80 76 84 21 2 3 30 63 89 75 85 55 58 61 14 69 81 62 87 27 43 32 71 26 11 6 29 54 25 33 5 48 72 16 38 35 78 31 88
TEST 16 ARG:78 17 50 44 30 42 24 83 92 33 10 63 49 54 4 58 12 65 40 38 5 39 82 3 19 74 87 35 98 88 57 29 81 20 15 86 16 6 25 62 45 76 75 31 60 61 52 53 51 96 72 77 91 2 36 11 18 41 69 32 37 48 28 67 85 94 21 0 79 64 27 68 7 13 34 22 9 23 93 84 26 90 73 46 14 97 95 8 59 89 70 66 47 99 1 43 71 80 55 56
TEST 16 ARG:78 17 50 44 30 42 24 83 92 33 10 63 49 54 4 58 12 65 40 38 5 39 82 3 19 74 87 35 98 88 57 29 81 20 15 86 16 6 25 62 45 76 75 31 60 61 52 53 51 96 72 77 91 2 36 11 18 41 69 32 37 48 28 67 85 94 21 0 79 64 27 68 7 13 34 22 9 23 93 84 26 90 73 46 14 97 95 8 59 89 70 66 47 99 1 43 71 80 55 56
TEST 17 ARG:37 17 57 71 14 20 4 87 69 33 80 81 44 61 23 94 98 43 31 9 29 99 13 55 2 62 64 65 45 89 54 1 72 7 25 28 41 78 46 32 36 42 68 38 76 75 50 59 74 58 79 85 0 70 8 39 82 19 52 92 15 86 63 90 77 60 10 6 24 30 53 84 40 3 26 56 95 12 21 11 18 96 5 27 47 73 51 48 16 83 93 49 67 22 66 35 91 97 88 34
TEST 17 ARG:37 17 57 71 14 20 4 87 69 33 80 81 44 61 23 94 98 43 31 9 29 99 13 55 2 62 64 65 45 89 54 1 72 7 25 28 41 78 46 32 36 42 68 38 76 75 50 59 74 58 79 85 0 70 8 39 82 19 52 92 15 86 63 90 77 60 10 6 24 30 53 84 40 3 26 56 95 12 21 11 18 96 5 27 47 73 51 48 16 83 93 49 67 22 66 35 91 97 88 34
TEST 18 ARG:13 8 56 0 67 31 53 22 15 27 71 12 52 88 24 96 30 36 33 97 92 45 94 29 59 69 83 1 72 65 68 73 49 43 80 90 10 25 60 16 93 42 99 54 98 14 34 76 46 81 21 17 79 4 84 18 35 37 85 55 89 47 11 20 86 64 75 63 38 82 58 28 6 41 9 50 44 32 95 77 51 23 19 87 48 91 57 7 66 61 78 26 70 40 2 74 3 62 5 39
TEST 18 ARG:13 8 56 0 67 31 53 22 15 27 71 12 52 88 24 96 30 36 33 97 92 45 94 29 59 69 83 1 72 65 68 73 49 43 80 90 10 25 60 16 93 42 99 54 98 14 34 76 46 81 21 17 79 4 84 18 35 37 85 55 89 47 11 20 86 64 75 63 38 82 58 28 6 41 9 50 44 32 95 77 51 23 19 87 48 91 57 7 66 61 78 26 70 40 2 74 3 62 5 39
TEST 19 ARG:70 92 47 93 84 8 50 30 35 74 25 46 81 95 60 85 27 4 87 99 15 13 77 80 83 62 21 76 24 57 16 20 64 98 53 68 42 58 12 7 79 89 94 54 88 26 45 72 18 14 82 43 86 28 38 66 32 39 19 41 31 29 78 44 23 1 3 34 33 91 11 10 9 40 55 75 90 36 65 63 71 37 67 0 97 51 96 17 56 22 61 2 59 69 48 73 6 49 52 5
TEST 19 ARG:70 92 47 93 84 8 50 30 35 74 25 46 81 95 60 85 27 4 87 99 15 13 77 80 83 62 21 76 24 57 16 20 64 98 53 68 42 58 12 7 79 89 94 54 88 26 45 72 18 14 82 43 86 28 38 66 32 39 19 41 31 29 78 44 23 1 3 34 33 91 11 10 9 40 55 75 90 36 65 63 71 37 67 0 97 51 96 17 56 22 61 2 59 69 48 73 6 49 52 5
TEST 20 ARG:55 72 53 33 9 62 98 8 40 19 89 80 2 84 25 16 7 65 71 92 99 88 56 75 63 11 0 68 86 54 82 31 17 20 24 12 90 51 32 4 78 73 13 95 23 81 26 38 42 46 50 30 39 44 61 6 21 28 83 36 52 74 3 48 66 34 97 15 93 49 87 91 85 18 70 47 22 37 79 60 43 57 35 14 69 58 96 1 41 77 76 10 94 64 67 59 29 5 27 45
TEST 20 ARG:55 72 53 33 9 62 98 8 40 19 89 80 2 84 25 16 7 65 71 92 99 88 56 75 63 11 0 68 86 54 82 31 17 20 24 12 90 51 32 4 78 73 13 95 23 81 26 38 42 46 50 30 39 44 61 6 21 28 83 36 52 74 3 48 66 34 97 15 93 49 87 91 85 18 70 47 22 37 79 60 43 57 35 14 69 58 96 1 41 77 76 10 94 64 67 59 29 5 27 45
TEST 21 ARG:83 20 56 11 59 42 51 63 81 55 3 38 82 5 31 17 50 73 41 24 75 40 2 21 64 94 70 71 65 79 78 53 89 16 13 35 34 80 32 92 97 33 49 93 29 8 84 10 0 30 88 19 44 28 69 76 61 43 14 48 22 90 1 37 60 98 7 23 58 45 9 91 96 85 72 68 25 67 27 95 66 12 18 54 87 36 47 52 46 39 6 74 4 26 99 86 62 77 15 57
TEST 21 ARG:83 20 56 11 59 42 51 63 81 55 3 38 82 5 31 17 50 73 41 24 75 40 2 21 64 94 70 71 65 79 78 53 89 16 13 35 34 80 32 92 97 33 49 93 29 8 84 10 0 30 88 19 44 28 69 76 61 43 14 48 22 90 1 37 60 98 7 23 58 45 9 91 96 85 72 68 25 67 27 95 66 12 18 54 87 36 47 52 46 39 6 74 4 26 99 86 62 77 15 57
TEST 22 ARG:55 24 43 18 40 10 77 0 67 90 63 74 29 59 45 51 33 31 95 78 4 53 19 13 44 22 30 42 48 93 83 23 36 9 60 34 80 47 14 91 11 71 65 6 68 84 87 66 52 37 32 50 81 25 12 85 1 86 96 89 79 57 94 70 8 21 72 62 92 35 99 39 98 69 73 97 82 41 38 28 49 2 15 3 20 58 64 75 61 17 54 27 76 26 5 88 7 46 16 56
TEST 22 ARG:55 24 43 18 40 10 77 0 67 90 63 74 29 59 45 51 33 31 95 78 4 53 19 13 44 22 30 42 48 93 83 23 36 9 60 34 80 47 14 91 11 71 65 6 68 84 87 66 52 37 32 50 81 25 12 85 1 86 96 89 79 57 94 70 8 21 72 62 92 35 99 39 98 69 73 97 82 41 38 28 49 2 15 3 20 58 64 75 61 17 54 27 76 26 5 88 7 46 16 56
TEST 23 ARG:63 43 75 52 80 0 50 91 71 8 72 38 32 78 68 95 3 70 77 65 14 98 15 87 30 83 25 18 96 19 94 74 59 35 22 53 86 67 49 29 17 81 76 11 57 31 20 2 66 79 9 36 39 73 56 27 26 90 46 23 82 13 10 58 28 89 41 33 42 7 55 44 61 45 21 85 12 34 60 93 99 37 97 5 16 62 51 92 47 40 24 84 69 54 88 4 48 64 1 6
TEST 23 ARG:63 43 75 52 80 0 50 91 71 8 72 38 32 78 68 95 3 70 77 65 14 98 15 87 30 83 25 18 96 19 94 74 59 35 22 53 86 67 49 29 17 81 76 11 57 31 20 2 66 79 9 36 39 73 56 27 26 90 46 23 82 13 10 58 28 89 41 33 42 7 55 44 61 45 21 85 12 34 60 93 99 37 97 5 16 62 51 92 47 40 24 84 69 54 88 4 48 64 1 6
TEST 24 ARG:3 93 5 19 32 62 51 49 70 13 87 21 73 80 17 88 82 97 41 64 71 10 50 96 79 8 94 1 55 95 65 28 15 14 31 0 37 11 26 48 69 83 4 27 60 2 47 25 20 29 77 52 40 72 75 59 16 43 46 91 85 78 81 24 90 23 35 56 89 53 68 12 9 67 76 38 36 98 44 57 61 86 99 6 30 33 58 45 63 7 18 39 42 92 66 74 54 22 34 84
TEST 24 ARG:3 93 5 19 32 62 51 49 70 13 87 21 73 80 17 88 82 97 41 64 71 10 50 96 79 8 94 1 55 95 65 28 15 14 31 0 37 11 26 48 69 83 4 27 60 2 47 25 20 29 77 52 40 72 75 59 16 43 46 91 85 78 81 24 90 23 35 56 89 53 68 12 9 67 76 38 36 98 44 57 61 86 99 6 30 33 58 45 63 7 18 39 42 92 66 74 54 22 34 84
TEST 25 ARG:10 63 47 43 68 58 78 30 91 51 38 35 93 62 1 34 86 5 50 90 39 15 53 77 87 73 27 55 26 71 84 19 89 49 82 8 96 36 14 59 29 11 69 56 24 70 61 67 33 80 0 23 37 64 28 65 46 25 44 79 3 85 57 94 42 17 52 97 60 54 40 88 20 45 9 41 74 4 32 18 95 81 13 16 66 76 98 6 99 22 48 75 92 31 83 12 2 72 7 21
TEST 25 ARG:10 63 47 43 68 58 78 30 91 51 38 35 93 62 1 34 86 5 50 90 39 15 53 77 87 73 27 55 26 71 84 19 89 49 82 8 96 36 14 59 29 11 69 56 24 70 61 67 33 80 0 23 37 64 28 65 46 25 44 79 3 85 57 94 42 17 52 97 60 54 40 88 20 45 9 41 74 4 32 18 95 81 13 16 66 76 98 6 99 22 48 75 92 31 83 12 2 72 7 21
TEST 26 ARG:28 33 50 40 15 77 36 19 89 54 67 13 90 42 5 31 7 63 27 16 53 22 97 20 10 17 86 46 25 1 93 99 92 94 79 37 11 9 91 44 52 88 2 96 39 8 4 56 61 74 41 75 78 80 30 87 3 29 58 47 70 72 85 81 76 23 57 55 68 65 62 38 71 66 32 18 6 34 69 24 64 14 26 35 48 21 95 12 43 83 60 45 73 59 49 0 84 51 98 82
TEST 26 ARG:28 33 50 40 15 77 36 19 89 54 67 13 90 42 5 31 7 63 27 16 53 22 97 20 10 17 86 46 25 1 93 99 92 94 79 37 11 9 91 44 52 88 2 96 39 8 4 56 61 74 41 75 78 80 30 87 3 29 58 47 70 72 85 81 76 23 57 55 68 65 62 38 71 66 32 18 6 34 69 24 64 14 26 35 48 21 95 12 43 83 60 45 73 59 49 0 84 51 98 82
TEST 27 ARG:28 59 70 93 30 50 74 58 40 66 45 96 54 14 89 31 47 83 33 49 32 51 99 21 71 42 48 61 95 53 57 23 41 37 0 25 38 39 29 62 27 35 79 2 3 64 90 22 16 44 68 88 73 65 82 81 13 87 63 12 52 75 72 36 86 11 56 92 84 26 20 15 60 67 17 9 98 5 69 77 34 10 76 91 55 1 24 46 19 94 43 18 80 6 7 97 78 85 4 8
TEST 27 ARG:28 59 70 93 30 50 74 58 40 66 45 96 54 14 89 31 47 83 33 49 32 51 99 21 71 42 48 61 95 53 57 23 41 37 0 25 38 39 29 62 27 35 79 2 3 64 90 22 16 44 68 88 73 65 82 81 13 87 63 12 52 75 72 36 86 11 56 92 84 26 20 15 60 67 17 9 98 5 69 77 34 10 76 91 55 1 24 46 19 94 43 18 80 6 7 97 78 85 4 8
TEST 28 ARG:27 56 66 54 50 36 16 12 81 45 49 24 99 0 22 30 32 8 82 78 40 21 15 74 75 34 98 25 80 47 23 13 7 35 19 33 63 64 85 57 89 26 17 43 88 58 1 44 37 39 52 71 3 91 73 9 62 2 67 92 53 4 18 93 70 48 60 83 77 10 14 86 68 5 84 69 76 6 38 94 46 61 42 11 41 20 79 55 31 96 29 90 72 59 65 51 87 28 97 95
TEST 28 ARG:27 56 66 54 50 36 16 12 81 45 49 24 99 0 22 30 32 8 82 78 40 21 15 74 75 34 98 25 80 47 23 13 7 35 19 33 63 64 85 57 89 26 17 43 88 58 1 44 37 39 52 71 3 91 73 9 62 2 67 92 53 4 18 93 70 48 60 83 77 10 14 86 68 5 84 69 76 6 38 94 46 61 42 11 41 20 79 55 31 96 29 90 72 59 65 51 87 28 97 95
TEST 29 ARG:55 35 68 36 69 50 65 14 70 31 87 44 77 29 13 9 6 95 22 0 23 94 86 97 85 20 43 66 73 89 62 27 5 76 49 75 82 16 63 56 24 88 41 47 46 19 12 51 53 74 45 71 92 57 90 54 1 32 15 39 84 64 79 3 52 42 78 38 8 91 58 7 48 99 59 4 98 34 25 33 21 18 93 61 80 2 83 17 96 28 11 72 10 60 67 30 40 81 37 26
TEST 29 ARG:55 35 68 36 69 50 65 14 70 31 87 44 77 29 13 9 6 95 22 0 23 94 86 97 85 20 43 66 73 89 62 27 5 76 49 75 82 16 63 56 24 88 41 47 46 19 12 51 53 74 45 71 92 57 90 54 1 32 15 39 84 64 79 3 52 42 78 38 8 91 58 7 48 99 59 4 98 34 25 33 21 18 93 61 80 2 83 17 96 28 11 72 10 60 67 30 40 81 37 26
TEST 30 ARG:43 69 49 65 89 16 34 80 97 42 17 91 58 86 72 26 78 95 90 61 19 59 18 7 5 8 20 50 35 4 29 85 92 77 82 28 23 73 52 54 53 21 98 15 11 94 70 81 68 55 83 45 99 88 62 30 63 79 75 66 10 60 27 56 47 48 37 9 46 76 44 0 74 33 1 93 13 24 96 32 25 71 41 40 39 84 2 38 6 36 12 3 67 31 22 64 51 87 57 14
TEST 30 ARG:43 69 49 65 89 16 34 80 97 42 17 91 58 86 72 26 78 95 90 61 19 59 18 7 5 8 20 50 35 4 29 85 92 77 82 28 23 73 52 54 53 21 98 15 11 94 70 81 68 55 83 45 99 88 62 30 63 79 75 66 10 60 27 56 47 48 37 9 46 76 44 0 74 33 1 93 13 24 96 32 25 71 41 40 39 84 2 38 6 36 12 3 67 31 22 64 51 87 57 14
TEST 31 ARG:29 79 24 4 54 42 40 10 50 98 41 34 83 84 58 30 75 82 32 52 62 80 99 51 35 61 92 15 73 95 11 59 8 44 28 20 87 9 37 17 76 94 71 55 25 67 88 43 46 21 33 19 91 69 97 93 60 89 63 47 14 81 85 77 5 39 13 36 72 38 27 78 53 45 23 2 57 68 12 1 48 65 6 64 56 86 16 3 0 90 74 49 26 31 66 96 70 7 22 18
TEST 31 ARG:29 79 24 4 54 42 40 10 50 98 41 34 83 84 58 30 75 82 32 52 62 80 99 51 35 61 92 15 73 95 11 59 8 44 28 20 87 9 37 17 76 94 71 55 25 67 88 43 46 21 33 19 91 69 97 93 60 89 63 47 14 81 85 77 5 39 13 36 72 38 27 78 53 45 23 2 57 68 12 1 48 65 6 64 56 86 16 3 0 90 74 49 26 31 66 96 70 7 22 18
